[gd_scene load_steps=9 format=2]

[ext_resource path="res://tracks/forward/forward.dae" type="PackedScene" id=1]
[ext_resource path="res://tracks/down/down.dae" type="PackedScene" id=2]
[ext_resource path="res://tracks/up/up.dae" type="PackedScene" id=3]
[ext_resource path="res://tracks/left/left.dae" type="PackedScene" id=4]
[ext_resource path="res://tracks/right/right.dae" type="PackedScene" id=5]
[ext_resource path="res://tracks/tilt_right/tilt_right.dae" type="PackedScene" id=6]
[ext_resource path="res://tracks/tilt_left/tilt_left.dae" type="PackedScene" id=7]
[ext_resource path="res://hovercar/player/Player.tscn" type="PackedScene" id=8]

[node name="World" type="Node"]

[node name="GlobalLight" type="DirectionalLight" parent="." index="0"]

transform = Transform( 0.266301, -0.89094, 0.367844, 0.522456, 0.45412, 0.721675, -0.810014, 0, 0.58641, -0.0157833, 26.9301, 0.0227261 )
visible = false
layers = 1
light_color = Color( 0, 1, 1, 1 )
light_energy = 0.5
light_indirect_energy = 1.0
light_negative = false
light_specular = 0.5
light_bake_mode = 1
light_cull_mask = -1
shadow_enabled = false
shadow_color = Color( 0, 0, 0, 1 )
shadow_bias = 0.1
shadow_contact = 0.0
shadow_reverse_cull_face = false
editor_only = false
directional_shadow_mode = 2
directional_shadow_split_1 = 0.1
directional_shadow_split_2 = 0.2
directional_shadow_split_3 = 0.5
directional_shadow_blend_splits = false
directional_shadow_normal_bias = 0.8
directional_shadow_bias_split_scale = 0.25
directional_shadow_depth_range = 0
directional_shadow_max_distance = 200.0
_sections_unfolded = [ "Light" ]

[node name="Track" type="Node" parent="." index="1"]

editor/display_folded = true

[node name="Forward" parent="Track" index="0" instance=ExtResource( 1 )]

_sections_unfolded = [ "Transform" ]

[node name="Forward2" parent="Track" index="1" instance=ExtResource( 1 )]

transform = Transform( 1, 0, 0, 0, 1, 0, 0, 0, 1, 16, 0, 0 )

[node name="Forward3" parent="Track" index="2" instance=ExtResource( 1 )]

transform = Transform( 1, 0, 0, 0, 1, 0, 0, 0, 1, 32, 0, 0 )

[node name="Forward4" parent="Track" index="3" instance=ExtResource( 1 )]

transform = Transform( 1, 0, 0, 0, 1, 0, 0, 0, 1, 48, 0, 0 )

[node name="Forward5" parent="Track" index="4" instance=ExtResource( 1 )]

transform = Transform( 1, 0, 0, 0, 1, 0, 0, 0, 1, 64, 0, 0 )

[node name="Forward6" parent="Track" index="5" instance=ExtResource( 1 )]

transform = Transform( 1, 0, 0, 0, 1, 0, 0, 0, 1, 80, 0, 0 )

[node name="Forward7" parent="Track" index="6" instance=ExtResource( 1 )]

transform = Transform( 1, 0, 0, 0, 1, 0, 0, 0, 1, 96, 0, 0 )

[node name="Forward8" parent="Track" index="7" instance=ExtResource( 1 )]

transform = Transform( 1, 0, 0, 0, 1, 0, 0, 0, 1, 112, 0, 0 )

[node name="Forward9" parent="Track" index="8" instance=ExtResource( 1 )]

transform = Transform( 1, 0, 0, 0, 1, 0, 0, 0, 1, 128, 0, 0 )

[node name="Forward10" parent="Track" index="9" instance=ExtResource( 1 )]

transform = Transform( 1, 0, 0, 0, 1, 0, 0, 0, 1, 144, 0, 0 )

[node name="Down" parent="Track" index="10" instance=ExtResource( 2 )]

transform = Transform( 1, 0, 0, 0, 1, 0, 0, 0, 1, 160, 0, 0 )

[node name="Down2" parent="Track" index="11" instance=ExtResource( 2 )]

transform = Transform( 0.965926, 0.258819, 0, -0.258819, 0.965926, 0, 0, 0, 1, 175.529, -2.04445, 0 )

[node name="Up" parent="Track" index="12" instance=ExtResource( 3 )]

transform = Transform( 0.866025, 0.5, 0, -0.5, 0.866025, 0, 0, 0, 1, 190, -8.03846, 0 )

[node name="Up2" parent="Track" index="13" instance=ExtResource( 3 )]

transform = Transform( 0.965926, 0.258819, 0, -0.258819, 0.965926, 0, 0, 0, 1, 204.471, -14.0325, 0 )

[node name="Up3" parent="Track" index="14" instance=ExtResource( 3 )]

transform = Transform( 1, 1.49012e-08, 0, -1.49012e-08, 1, 0, 0, 0, 1, 220, -16.0769, 0 )

[node name="Up4" parent="Track" index="15" instance=ExtResource( 3 )]

transform = Transform( 0.965926, -0.258819, 0, 0.258819, 0.965926, 0, 0, 0, 1, 235.529, -14.0325, 0 )

[node name="Down3" parent="Track" index="16" instance=ExtResource( 2 )]

transform = Transform( 0.866025, -0.5, 0, 0.5, 0.866025, 0, 0, 0, 1, 250, -8.03844, 0 )

[node name="Down4" parent="Track" index="17" instance=ExtResource( 2 )]

transform = Transform( 0.965926, -0.258819, 0, 0.258819, 0.965926, 0, 0, 0, 1, 264.471, -2.04444, 0 )

[node name="Left" parent="Track" index="18" instance=ExtResource( 4 )]

transform = Transform( 1, -1.49012e-08, 0, 1.49012e-08, 1, 0, 0, 0, 1, 280, -1.43051e-06, 0 )

[node name="Left2" parent="Track" index="19" instance=ExtResource( 4 )]

transform = Transform( 0.965926, -1.49012e-08, 0.258819, 1.43934e-08, 1, 3.8567e-09, -0.258819, 0, 0.965926, 295.529, -1.19911e-06, -2.04445 )

[node name="Left3" parent="Track" index="20" instance=ExtResource( 4 )]

transform = Transform( 0.866025, -1.49012e-08, 0.5, 1.29048e-08, 1, 7.45058e-09, -0.5, 0, 0.866025, 310, -9.83478e-07, -8.03846 )

[node name="Left4" parent="Track" index="21" instance=ExtResource( 4 )]

transform = Transform( 0.707107, -1.49012e-08, 0.707106, 1.05367e-08, 1, 1.05367e-08, -0.707107, 0, 0.707107, 322.426, -7.98311e-07, -17.5736 )

[node name="Left5" parent="Track" index="22" instance=ExtResource( 4 )]

transform = Transform( 0.5, -1.49012e-08, 0.866025, 7.45058e-09, 1, 1.29048e-08, -0.866025, 0, 0.5, 331.961, -6.56227e-07, -29.9999 )

[node name="Left6" parent="Track" index="23" instance=ExtResource( 4 )]

transform = Transform( 0.258819, -1.49012e-08, 0.965925, 3.85671e-09, 1, 1.43934e-08, -0.965926, 0, 0.258819, 337.955, -5.66909e-07, -44.4708 )

[node name="Left7" parent="Track" index="24" instance=ExtResource( 4 )]

transform = Transform( 1.49012e-07, -1.49012e-08, 1, 1.9984e-15, 1, 1.49012e-08, -1, 0, 1.3411e-07, 339.999, -5.36445e-07, -59.9999 )

[node name="Left8" parent="Track" index="25" instance=ExtResource( 4 )]

transform = Transform( -0.258819, -1.49012e-08, 0.965925, -3.8567e-09, 1, 1.43934e-08, -0.965926, 0, -0.258819, 337.955, -5.66909e-07, -75.5289 )

[node name="Left9" parent="Track" index="26" instance=ExtResource( 4 )]

transform = Transform( -0.5, -1.49012e-08, 0.866025, -7.45058e-09, 1, 1.29048e-08, -0.866025, 0, -0.5, 331.961, -6.56227e-07, -89.9998 )

[node name="Left10" parent="Track" index="27" instance=ExtResource( 4 )]

transform = Transform( -0.707106, -1.49012e-08, 0.707107, -1.05367e-08, 1, 1.05367e-08, -0.707107, 0, -0.707106, 322.426, -7.98311e-07, -102.426 )

[node name="Left11" parent="Track" index="28" instance=ExtResource( 4 )]

transform = Transform( -0.866025, -1.49012e-08, 0.5, -1.29048e-08, 1, 7.45058e-09, -0.5, 0, -0.866025, 310, -9.83478e-07, -111.961 )

[node name="Left12" parent="Track" index="29" instance=ExtResource( 4 )]

transform = Transform( -0.965925, -1.49012e-08, 0.258819, -1.43934e-08, 1, 3.85671e-09, -0.258819, 0, -0.965925, 295.529, -1.19911e-06, -117.955 )

[node name="Left13" parent="Track" index="30" instance=ExtResource( 4 )]

transform = Transform( -0.999999, -1.49012e-08, 2.5332e-07, -1.49012e-08, 1, 3.9968e-15, -2.68221e-07, 0, -1, 280, -1.43051e-06, -120 )

[node name="Left14" parent="Track" index="31" instance=ExtResource( 4 )]

transform = Transform( -0.965925, -1.49012e-08, -0.258819, -1.43934e-08, 1, -3.8567e-09, 0.258819, 0, -0.965925, 264.471, -1.66191e-06, -117.955 )

[node name="Left15" parent="Track" index="32" instance=ExtResource( 4 )]

transform = Transform( -0.866025, -1.49012e-08, -0.499999, -1.29048e-08, 1, -7.45057e-09, 0.499999, 0, -0.866025, 250, -1.87755e-06, -111.961 )

[node name="Left16" parent="Track" index="33" instance=ExtResource( 4 )]

transform = Transform( -0.707107, -1.49012e-08, -0.707106, -1.05367e-08, 1, -1.05367e-08, 0.707106, 0, -0.707107, 237.573, -2.06271e-06, -102.426 )

[node name="Left17" parent="Track" index="34" instance=ExtResource( 4 )]

transform = Transform( -0.5, -1.49012e-08, -0.866025, -7.45058e-09, 1, -1.29048e-08, 0.866025, 0, -0.5, 228.038, -2.2048e-06, -89.9998 )

[node name="Left18" parent="Track" index="35" instance=ExtResource( 4 )]

transform = Transform( -0.258819, -1.49012e-08, -0.965925, -3.85671e-09, 1, -1.43934e-08, 0.965925, 0, -0.258819, 222.044, -2.29411e-06, -75.5289 )

[node name="Forward11" parent="Track" index="36" instance=ExtResource( 1 )]

transform = Transform( -4.17233e-07, -1.49012e-08, -0.999999, -5.55112e-15, 1, -1.49012e-08, 0.999999, 0, -3.72529e-07, 220, -2.32458e-06, -59.9999 )

[node name="Forward12" parent="Track" index="37" instance=ExtResource( 1 )]

transform = Transform( -4.17233e-07, -1.49012e-08, -0.999999, -5.55112e-15, 1, -1.49012e-08, 0.999999, 0, -3.72529e-07, 220, -2.32458e-06, -43.9999 )

[node name="Forward13" parent="Track" index="38" instance=ExtResource( 1 )]

transform = Transform( -4.17233e-07, -1.49012e-08, -0.999999, -5.55112e-15, 1, -1.49012e-08, 0.999999, 0, -3.72529e-07, 220, -2.32458e-06, -27.9999 )

[node name="Forward14" parent="Track" index="39" instance=ExtResource( 1 )]

transform = Transform( -4.17233e-07, -1.49012e-08, -0.999999, -5.55112e-15, 1, -1.49012e-08, 0.999999, 0, -3.72529e-07, 220, -2.32458e-06, -11.9999 )

[node name="Forward15" parent="Track" index="40" instance=ExtResource( 1 )]

transform = Transform( -4.17233e-07, -1.49012e-08, -0.999999, -5.55112e-15, 1, -1.49012e-08, 0.999999, 0, -3.72529e-07, 220, -2.32458e-06, 4.00011 )

[node name="Forward16" parent="Track" index="41" instance=ExtResource( 1 )]

transform = Transform( -4.17233e-07, -1.49012e-08, -0.999999, -5.55112e-15, 1, -1.49012e-08, 0.999999, 0, -3.72529e-07, 220, -2.32458e-06, 20.0001 )

[node name="Forward17" parent="Track" index="42" instance=ExtResource( 1 )]

transform = Transform( -4.17233e-07, -1.49012e-08, -0.999999, -5.55112e-15, 1, -1.49012e-08, 0.999999, 0, -3.72529e-07, 220, -2.32458e-06, 36.0001 )

[node name="Forward18" parent="Track" index="43" instance=ExtResource( 1 )]

transform = Transform( -4.17233e-07, -1.49012e-08, -0.999999, -5.55112e-15, 1, -1.49012e-08, 0.999999, 0, -3.72529e-07, 220, -2.32458e-06, 52.0001 )

[node name="Forward19" parent="Track" index="44" instance=ExtResource( 1 )]

transform = Transform( -4.17233e-07, -1.49012e-08, -0.999999, -5.55112e-15, 1, -1.49012e-08, 0.999999, 0, -3.72529e-07, 220, -2.32458e-06, 68.0001 )

[node name="Forward20" parent="Track" index="45" instance=ExtResource( 1 )]

transform = Transform( -4.17233e-07, -1.49012e-08, -0.999999, -5.55112e-15, 1, -1.49012e-08, 0.999999, 0, -3.72529e-07, 220, -2.32458e-06, 84.0001 )

[node name="Forward21" parent="Track" index="46" instance=ExtResource( 1 )]

transform = Transform( -4.17233e-07, -1.49012e-08, -0.999999, -5.55112e-15, 1, -1.49012e-08, 0.999999, 0, -3.72529e-07, 220, -2.32458e-06, 100 )

[node name="Forward22" parent="Track" index="47" instance=ExtResource( 1 )]

transform = Transform( -4.17233e-07, -1.49012e-08, -0.999999, -5.55112e-15, 1, -1.49012e-08, 0.999999, 0, -3.72529e-07, 220, -2.32458e-06, 116 )

[node name="Forward23" parent="Track" index="48" instance=ExtResource( 1 )]

transform = Transform( -4.17233e-07, -1.49012e-08, -0.999999, -5.55112e-15, 1, -1.49012e-08, 0.999999, 0, -3.72529e-07, 220, -2.32458e-06, 132 )

[node name="Up5" parent="Track" index="49" instance=ExtResource( 3 )]

transform = Transform( -4.17233e-07, -1.49012e-08, -0.999999, -5.55112e-15, 1, -1.49012e-08, 0.999999, 0, -3.72529e-07, 220, -2.32458e-06, 148 )

[node name="Up6" parent="Track" index="50" instance=ExtResource( 3 )]

transform = Transform( -4.06872e-07, 9.35943e-08, -0.999999, 0.258819, 0.965926, -1.49012e-08, 0.965925, -0.258819, -3.72529e-07, 220, 2.04445, 163.529 )

[node name="Up7" parent="Track" index="51" instance=ExtResource( 3 )]

transform = Transform( -3.68785e-07, 1.95711e-07, -0.999999, 0.5, 0.866025, -1.49012e-08, 0.866025, -0.5, -3.72529e-07, 220, 8.03846, 178 )

[node name="Up8" parent="Track" index="52" instance=ExtResource( 3 )]

transform = Transform( -3.05565e-07, 2.84491e-07, -0.999999, 0.707106, 0.707107, -1.49012e-08, 0.707106, -0.707106, -3.72529e-07, 220, 17.5736, 190.426 )

[node name="Up9" parent="Track" index="53" instance=ExtResource( 3 )]

transform = Transform( -2.21521e-07, 3.53883e-07, -0.999999, 0.866025, 0.5, -1.49012e-08, 0.5, -0.866025, -3.72529e-07, 220, 29.9999, 199.961 )

[node name="Up10" parent="Track" index="54" instance=ExtResource( 3 )]

transform = Transform( -1.22381e-07, 3.99159e-07, -0.999999, 0.965925, 0.258819, -1.49012e-08, 0.258819, -0.965925, -3.72529e-07, 220, 44.4707, 205.955 )

[node name="Up11" parent="Track" index="55" instance=ExtResource( 3 )]

transform = Transform( -1.49012e-08, 4.17232e-07, -0.999999, 1, 1.49012e-07, -1.49012e-08, 1.63913e-07, -0.999999, -3.72529e-07, 220, 59.9998, 208 )

[node name="Up12" parent="Track" index="56" instance=ExtResource( 3 )]

transform = Transform( 9.35943e-08, 4.06872e-07, -0.999999, 0.965925, -0.258819, -1.49012e-08, -0.258819, -0.965925, -3.72529e-07, 220, 75.5289, 205.955 )

[node name="Up13" parent="Track" index="57" instance=ExtResource( 3 )]

transform = Transform( 1.95711e-07, 3.68785e-07, -0.999999, 0.866025, -0.5, -1.49012e-08, -0.499999, -0.866025, -3.72529e-07, 220, 89.9997, 199.961 )

[node name="Up14" parent="Track" index="58" instance=ExtResource( 3 )]

transform = Transform( 2.84491e-07, 3.05565e-07, -0.999999, 0.707107, -0.707106, -1.49012e-08, -0.707106, -0.707106, -3.72529e-07, 220, 102.426, 190.426 )

[node name="Up15" parent="Track" index="59" instance=ExtResource( 3 )]

transform = Transform( 3.53883e-07, 2.21521e-07, -0.999999, 0.5, -0.866025, -1.49012e-08, -0.866025, -0.5, -3.72529e-07, 220, 111.961, 178 )

[node name="Up16" parent="Track" index="60" instance=ExtResource( 3 )]

transform = Transform( 3.99159e-07, 1.22381e-07, -0.999999, 0.258819, -0.965925, -1.49012e-08, -0.965925, -0.258819, -3.72529e-07, 220, 117.955, 163.529 )

[node name="Forward24" parent="Track" index="61" instance=ExtResource( 1 )]

transform = Transform( 4.17232e-07, 1.49013e-08, -0.999999, 2.5332e-07, -0.999999, -1.49012e-08, -0.999999, -3.12924e-07, -3.72529e-07, 220, 120, 148 )

[node name="Forward25" parent="Track" index="62" instance=ExtResource( 1 )]

transform = Transform( 4.17232e-07, 1.49013e-08, -0.999999, 2.5332e-07, -0.999999, -1.49012e-08, -0.999999, -3.12924e-07, -3.72529e-07, 220, 120, 132 )

[node name="Forward26" parent="Track" index="63" instance=ExtResource( 1 )]

transform = Transform( 4.17232e-07, 1.49013e-08, -0.999999, 2.5332e-07, -0.999999, -1.49012e-08, -0.999999, -3.12924e-07, -3.72529e-07, 220, 120, 116 )

[node name="Forward27" parent="Track" index="64" instance=ExtResource( 1 )]

transform = Transform( 4.17232e-07, 1.49013e-08, -0.999999, 2.5332e-07, -0.999999, -1.49012e-08, -0.999999, -3.12924e-07, -3.72529e-07, 220, 120, 100 )

[node name="Left19" parent="Track" index="65" instance=ExtResource( 4 )]

transform = Transform( 4.17232e-07, 1.49013e-08, -0.999999, 2.5332e-07, -0.999999, -1.49012e-08, -0.999999, -3.12924e-07, -3.72529e-07, 220, 120, 84.0001 )

[node name="Left20" parent="Track" index="66" instance=ExtResource( 4 )]

transform = Transform( 0.258819, 1.49013e-08, -0.965925, 2.48545e-07, -0.999999, 5.11706e-08, -0.965925, -3.12924e-07, -0.258819, 222.044, 120, 68.471 )

[node name="Left21" parent="Track" index="67" instance=ExtResource( 4 )]

transform = Transform( 0.5, 1.49013e-08, -0.866025, 2.26832e-07, -0.999999, 1.13755e-07, -0.866024, -3.12924e-07, -0.5, 228.038, 120, 54.0002 )

[node name="Forward28" parent="Track" index="68" instance=ExtResource( 1 )]

transform = Transform( 0.707106, 1.49013e-08, -0.707106, 1.89661e-07, -0.999999, 1.68587e-07, -0.707106, -3.12924e-07, -0.707106, 237.573, 120, 41.5738 )

[node name="Right" parent="Track" index="69" instance=ExtResource( 5 )]

transform = Transform( 0.707106, 1.49013e-08, -0.707106, 1.89661e-07, -0.999999, 1.68587e-07, -0.707106, -3.12924e-07, -0.707106, 248.887, 120, 30.2602 )

[node name="Forward29" parent="Track" index="70" instance=ExtResource( 1 )]

transform = Transform( 0.5, 1.49013e-08, -0.866025, 2.26832e-07, -0.999999, 1.13755e-07, -0.866024, -3.12924e-07, -0.5, 258.422, 120, 17.8338 )

[node name="Right2" parent="Track" index="71" instance=ExtResource( 5 )]

transform = Transform( 0.5, 1.49013e-08, -0.866025, 2.26832e-07, -0.999999, 1.13755e-07, -0.866024, -3.12924e-07, -0.5, 266.422, 120, 3.9774 )

[node name="Right3" parent="Track" index="72" instance=ExtResource( 5 )]

transform = Transform( 0.258819, 1.49013e-08, -0.965925, 2.48545e-07, -0.999999, 5.11706e-08, -0.965925, -3.12924e-07, -0.258819, 272.416, 120, -10.4934 )

[node name="Up17" parent="Track" index="73" instance=ExtResource( 3 )]

transform = Transform( 3.72529e-07, 1.49013e-08, -0.999999, 2.5332e-07, -0.999999, -1.49011e-08, -0.999999, -3.12924e-07, -4.76837e-07, 274.461, 120, -26.0225 )

[node name="Up18" parent="Track" index="74" instance=ExtResource( 3 )]

transform = Transform( 3.63692e-07, -8.20241e-08, -0.999999, -0.258819, -0.965925, -1.49011e-08, -0.965925, 0.258818, -4.76837e-07, 274.461, 117.955, -41.5516 )

[node name="Up19" parent="Track" index="75" instance=ExtResource( 3 )]

transform = Transform( 3.3007e-07, -1.7336e-07, -0.999999, -0.499999, -0.866025, -1.49011e-08, -0.866025, 0.499999, -4.76837e-07, 274.461, 111.961, -56.0224 )

[node name="Up20" parent="Track" index="76" instance=ExtResource( 3 )]

transform = Transform( 2.73955e-07, -2.52881e-07, -0.999999, -0.707106, -0.707107, -1.49011e-08, -0.707106, 0.707106, -4.76837e-07, 274.461, 102.426, -68.4487 )

[node name="Up21" parent="Track" index="77" instance=ExtResource( 3 )]

transform = Transform( 1.99169e-07, -3.15169e-07, -0.999999, -0.866025, -0.5, -1.49011e-08, -0.5, 0.866024, -4.76837e-07, 274.461, 89.9998, -77.9838 )

[node name="Up22" parent="Track" index="78" instance=ExtResource( 3 )]

transform = Transform( 1.10811e-07, -3.55979e-07, -0.999999, -0.965925, -0.258819, -1.49011e-08, -0.258819, 0.965925, -4.76837e-07, 274.461, 75.529, -83.9778 )

[node name="Forward30" parent="Track" index="79" instance=ExtResource( 1 )]

transform = Transform( 1.49014e-08, -3.72529e-07, -0.999999, -0.999999, -4.17233e-07, -1.49011e-08, -4.76837e-07, 0.999999, -4.76837e-07, 274.461, 59.9999, -86.0223 )

[node name="Forward31" parent="Track" index="80" instance=ExtResource( 1 )]

transform = Transform( 1.49014e-08, -3.72529e-07, -0.999999, -0.999999, -4.17233e-07, -1.49011e-08, -4.76837e-07, 0.999999, -4.76837e-07, 274.461, 43.9999, -86.0223 )

[node name="Forward32" parent="Track" index="81" instance=ExtResource( 1 )]

transform = Transform( 1.49014e-08, -3.72529e-07, -0.999999, -0.999999, -4.17233e-07, -1.49011e-08, -4.76837e-07, 0.999999, -4.76837e-07, 274.461, 27.9999, -86.0223 )

[node name="Forward33" parent="Track" index="82" instance=ExtResource( 1 )]

transform = Transform( 1.49014e-08, -3.72529e-07, -0.999999, -0.999999, -4.17233e-07, -1.49011e-08, -4.76837e-07, 0.999999, -4.76837e-07, 274.461, 11.9999, -86.0223 )

[node name="Forward34" parent="Track" index="83" instance=ExtResource( 1 )]

transform = Transform( 1.49014e-08, -3.72529e-07, -0.999999, -0.999999, -4.17233e-07, -1.49011e-08, -4.76837e-07, 0.999999, -4.76837e-07, 274.461, -4.00008, -86.0223 )

[node name="Up23" parent="Track" index="84" instance=ExtResource( 3 )]

transform = Transform( 1.49014e-08, -3.72529e-07, -0.999999, -0.999999, -4.17233e-07, -1.49011e-08, -4.76837e-07, 0.999999, -4.76837e-07, 274.461, -20.0001, -86.0223 )

[node name="Up24" parent="Track" index="85" instance=ExtResource( 3 )]

transform = Transform( -8.2024e-08, -3.63692e-07, -0.999999, -0.965925, 0.258818, -1.49011e-08, 0.258818, 0.965925, -4.76837e-07, 274.461, -35.5292, -83.9779 )

[node name="Up25" parent="Track" index="86" instance=ExtResource( 3 )]

transform = Transform( -1.7336e-07, -3.3007e-07, -0.999999, -0.866025, 0.499999, -1.49011e-08, 0.499999, 0.866025, -4.76837e-07, 274.461, -50, -77.9839 )

[node name="Up26" parent="Track" index="87" instance=ExtResource( 3 )]

transform = Transform( -2.52881e-07, -2.73955e-07, -0.999999, -0.707107, 0.707106, -1.49011e-08, 0.707106, 0.707107, -4.76837e-07, 274.461, -62.4263, -68.4488 )

[node name="Up27" parent="Track" index="88" instance=ExtResource( 3 )]

transform = Transform( -3.15169e-07, -1.99169e-07, -0.999999, -0.5, 0.866024, -1.49011e-08, 0.866024, 0.5, -4.76837e-07, 274.461, -71.9614, -56.0224 )

[node name="Up28" parent="Track" index="89" instance=ExtResource( 3 )]

transform = Transform( -3.55979e-07, -1.10811e-07, -0.999999, -0.258819, 0.965925, -1.49011e-08, 0.965925, 0.258819, -4.76837e-07, 274.461, -77.9554, -41.5516 )

[node name="Up29" parent="Track" index="90" instance=ExtResource( 3 )]

transform = Transform( -3.72529e-07, -1.49014e-08, -0.999999, -5.21541e-07, 0.999999, -1.49011e-08, 0.999999, 5.96046e-07, -4.76837e-07, 274.461, -79.9999, -26.0225 )

[node name="Forward35" parent="Track" index="91" instance=ExtResource( 1 )]

transform = Transform( -3.63692e-07, 8.20239e-08, -0.999999, 0.258818, 0.965925, -1.49011e-08, 0.965925, -0.258818, -4.76837e-07, 274.461, -77.9554, -10.4934 )

[node name="Forward36" parent="Track" index="92" instance=ExtResource( 1 )]

transform = Transform( -3.63692e-07, 8.20239e-08, -0.999999, 0.258818, 0.965925, -1.49011e-08, 0.965925, -0.258818, -4.76837e-07, 274.461, -73.8143, 4.96136 )

[node name="Forward37" parent="Track" index="93" instance=ExtResource( 1 )]

transform = Transform( -3.63692e-07, 8.20239e-08, -0.999999, 0.258818, 0.965925, -1.49011e-08, 0.965925, -0.258818, -4.76837e-07, 274.461, -69.6733, 20.4162 )

[node name="Up30" parent="Track" index="94" instance=ExtResource( 3 )]

transform = Transform( -3.63692e-07, 8.20239e-08, -0.999999, 0.258818, 0.965925, -1.49011e-08, 0.965925, -0.258818, -4.76837e-07, 274.461, -65.5322, 35.871 )

[node name="Up31" parent="Track" index="95" instance=ExtResource( 3 )]

transform = Transform( -3.3007e-07, 1.73359e-07, -0.999999, 0.499999, 0.866025, -1.49011e-08, 0.866025, -0.499999, -4.76837e-07, 274.461, -59.5382, 50.3418 )

[node name="Up32" parent="Track" index="96" instance=ExtResource( 3 )]

transform = Transform( -2.73955e-07, 2.52881e-07, -0.999999, 0.707106, 0.707107, -1.49011e-08, 0.707107, -0.707106, -4.76837e-07, 274.461, -50.0031, 62.7681 )

[node name="Down5" parent="Track" index="97" instance=ExtResource( 2 )]

transform = Transform( -1.9917e-07, 3.15169e-07, -0.999999, 0.866024, 0.5, -1.49011e-08, 0.5, -0.866024, -4.76837e-07, 274.461, -37.5767, 72.3032 )

[node name="Down6" parent="Track" index="98" instance=ExtResource( 2 )]

transform = Transform( -2.73955e-07, 2.52881e-07, -0.999999, 0.707106, 0.707107, -1.49011e-08, 0.707107, -0.707106, -4.76837e-07, 274.461, -25.1504, 81.8383 )

[node name="Down7" parent="Track" index="99" instance=ExtResource( 2 )]

transform = Transform( -3.3007e-07, 1.73359e-07, -0.999999, 0.499999, 0.866025, -1.49011e-08, 0.866025, -0.499999, -4.76837e-07, 274.461, -15.6153, 94.2647 )

[node name="Forward38" parent="Track" index="100" instance=ExtResource( 1 )]

transform = Transform( -3.63692e-07, 8.20239e-08, -0.999999, 0.258818, 0.965925, -1.49011e-08, 0.965925, -0.258818, -4.76837e-07, 274.461, -9.6213, 108.735 )

[node name="Down8" parent="Track" index="101" instance=ExtResource( 2 )]

transform = Transform( -3.63692e-07, 8.20239e-08, -0.999999, 0.258818, 0.965925, -1.49011e-08, 0.965925, -0.258818, -4.76837e-07, 274.461, -5.48021, 124.19 )

[node name="TiltRight" parent="Track" index="102" instance=ExtResource( 6 )]

transform = Transform( -3.72529e-07, -1.49014e-08, -0.999999, -5.06639e-07, 0.999999, -1.49011e-08, 0.999999, 6.25849e-07, -4.76837e-07, 274.461, -3.43578, 139.719 )

[node name="TiltRight2" parent="Track" index="103" instance=ExtResource( 6 )]

transform = Transform( -3.72529e-07, -0.258819, -0.965925, -5.06639e-07, 0.965925, -0.258819, 0.999999, 4.81109e-07, -6.22571e-07, 274.461, -3.43579, 155.719 )

[node name="TiltRight3" parent="Track" index="104" instance=ExtResource( 6 )]

transform = Transform( -3.72529e-07, -0.5, -0.866025, -5.06639e-07, 0.866025, -0.499999, 0.999999, 3.03582e-07, -7.25877e-07, 274.461, -3.4358, 171.719 )

[node name="TiltRight4" parent="Track" index="105" instance=ExtResource( 6 )]

transform = Transform( -3.72529e-07, -0.707106, -0.707106, -5.06639e-07, 0.707106, -0.707106, 0.999999, 1.05367e-07, -7.79717e-07, 274.461, -3.43581, 187.719 )

[node name="TiltRight5" parent="Track" index="106" instance=ExtResource( 6 )]

transform = Transform( -3.72529e-07, -0.866025, -0.5, -5.06639e-07, 0.5, -0.866025, 0.999999, -1.00029e-07, -7.80419e-07, 274.461, -3.43581, 203.719 )

[node name="TiltRight6" parent="Track" index="107" instance=ExtResource( 6 )]

transform = Transform( -3.72529e-07, -0.965925, -0.258819, -5.06639e-07, 0.258819, -0.965925, 0.999999, -2.98608e-07, -7.27938e-07, 274.461, -3.43582, 219.719 )

[node name="Up33" parent="Track" index="108" instance=ExtResource( 3 )]

transform = Transform( -3.72529e-07, -0.999999, -2.5332e-07, -5.06639e-07, 2.08616e-07, -0.999999, 0.999999, -4.76837e-07, -6.25849e-07, 274.461, -3.43583, 235.719 )

[node name="Up34" parent="Track" index="109" instance=ExtResource( 3 )]

transform = Transform( -0.258819, -0.965925, -2.5332e-07, -4.35382e-07, 3.32636e-07, -0.999999, 0.965925, -0.258819, -6.25849e-07, 272.416, -3.43584, 251.248 )

[node name="Up35" parent="Track" index="110" instance=ExtResource( 3 )]

transform = Transform( -0.5, -0.866024, -2.5332e-07, -3.34455e-07, 4.33987e-07, -0.999999, 0.866024, -0.5, -6.25849e-07, 266.422, -3.43584, 265.719 )

[node name="Up36" parent="Track" index="111" instance=ExtResource( 3 )]

transform = Transform( -0.707106, -0.707106, -2.5332e-07, -2.10734e-07, 5.05762e-07, -0.999999, 0.707106, -0.707106, -6.25849e-07, 256.887, -3.43585, 278.146 )

[node name="Up37" parent="Track" index="112" instance=ExtResource( 3 )]

transform = Transform( -0.866025, -0.499999, -2.5332e-07, -7.26528e-08, 5.43071e-07, -0.999999, 0.499999, -0.866025, -6.25849e-07, 244.461, -3.43585, 287.681 )

[node name="Up38" parent="Track" index="113" instance=ExtResource( 3 )]

transform = Transform( -0.965925, -0.258819, -2.5332e-07, 7.03798e-08, 5.4337e-07, -0.999999, 0.258818, -0.965925, -6.25849e-07, 229.99, -3.43585, 293.675 )

[node name="Up39" parent="Track" index="114" instance=ExtResource( 3 )]

transform = Transform( -0.999999, 2.68221e-07, -2.5332e-07, 2.08616e-07, 5.06639e-07, -0.999999, -3.42727e-07, -0.999999, -6.25849e-07, 214.461, -3.43585, 295.719 )

[node name="Up40" parent="Track" index="115" instance=ExtResource( 3 )]

transform = Transform( -0.965925, 0.258819, -2.5332e-07, 3.32636e-07, 4.35382e-07, -0.999999, -0.258819, -0.965925, -6.25849e-07, 198.932, -3.43584, 293.675 )

[node name="Up41" parent="Track" index="116" instance=ExtResource( 3 )]

transform = Transform( -0.866024, 0.5, -2.5332e-07, 4.33987e-07, 3.34455e-07, -0.999999, -0.5, -0.866024, -6.25849e-07, 184.461, -3.43584, 287.681 )

[node name="Up42" parent="Track" index="117" instance=ExtResource( 3 )]

transform = Transform( -0.707106, 0.707106, -2.5332e-07, 5.05762e-07, 2.10734e-07, -0.999999, -0.707106, -0.707106, -6.25849e-07, 172.035, -3.43583, 278.145 )

[node name="Up43" parent="Track" index="118" instance=ExtResource( 3 )]

transform = Transform( -0.499999, 0.866025, -2.5332e-07, 5.43071e-07, 7.26529e-08, -0.999999, -0.866024, -0.499999, -6.25849e-07, 162.5, -3.43582, 265.719 )

[node name="Up44" parent="Track" index="119" instance=ExtResource( 3 )]

transform = Transform( -0.258819, 0.965925, -2.5332e-07, 5.4337e-07, -7.03797e-08, -0.999999, -0.965925, -0.258819, -6.25849e-07, 156.506, -3.43581, 251.248 )

[node name="TiltLeft" parent="Track" index="120" instance=ExtResource( 7 )]

transform = Transform( 1.04308e-07, 0.999999, -2.5332e-07, 5.06639e-07, -2.08616e-07, -0.999999, -0.999999, 1.49012e-07, -6.25849e-07, 154.461, -3.4358, 235.719 )

[node name="TiltLeft2" parent="Track" index="121" instance=ExtResource( 7 )]

transform = Transform( 1.04308e-07, 0.965925, 0.258819, 5.06639e-07, 0.258819, -0.965925, -0.999999, 3.05916e-07, -5.65956e-07, 154.461, -3.4358, 219.719 )

[node name="TiltLeft3" parent="Track" index="122" instance=ExtResource( 7 )]

transform = Transform( 1.04308e-07, 0.866025, 0.499999, 5.06639e-07, 0.499999, -0.866025, -0.999999, 4.41972e-07, -4.67495e-07, 154.461, -3.43579, 203.719 )

[node name="TiltLeft4" parent="Track" index="123" instance=ExtResource( 7 )]

transform = Transform( 1.04308e-07, 0.707106, 0.707106, 5.06639e-07, 0.707106, -0.707106, -0.999999, 5.47909e-07, -3.37175e-07, 154.461, -3.43578, 187.719 )

[node name="TiltLeft5" parent="Track" index="124" instance=ExtResource( 7 )]

transform = Transform( 1.04308e-07, 0.5, 0.866024, 5.06639e-07, 0.866024, -0.5, -0.999999, 6.16507e-07, -1.83877e-07, 154.461, -3.43577, 171.719 )

[node name="TiltLeft6" parent="Track" index="125" instance=ExtResource( 7 )]

transform = Transform( 1.04308e-07, 0.258819, 0.965925, 5.06639e-07, 0.965925, -0.258819, -0.999999, 6.43091e-07, -1.80475e-08, 154.461, -3.43576, 155.719 )

[node name="Up45" parent="Track" index="126" instance=ExtResource( 3 )]

transform = Transform( 1.04308e-07, 4.32134e-07, 0.999999, 5.06639e-07, 0.999999, -4.32134e-07, -0.999999, 6.25849e-07, 1.49012e-07, 154.461, -3.43576, 139.719 )

[node name="Up46" parent="Track" index="127" instance=ExtResource( 3 )]

transform = Transform( 2.12598e-07, 3.90412e-07, 0.999999, 0.258819, 0.965925, -4.32134e-07, -0.965925, 0.258819, 1.49012e-07, 154.461, -1.3913, 124.19 )

[node name="Forward39" parent="Track" index="128" instance=ExtResource( 1 )]

transform = Transform( 3.064e-07, 3.22085e-07, 0.999999, 0.5, 0.866024, -4.32134e-07, -0.866024, 0.5, 1.49012e-07, 154.461, 4.60272, 109.719 )

[node name="Down9" parent="Track" index="129" instance=ExtResource( 2 )]

transform = Transform( 3.064e-07, 3.22085e-07, 0.999999, 0.5, 0.866024, -4.32134e-07, -0.866024, 0.5, 1.49012e-07, 154.461, 12.6027, 95.863 )

[node name="Down10" parent="Track" index="130" instance=ExtResource( 2 )]

transform = Transform( 2.12598e-07, 3.90412e-07, 0.999999, 0.258819, 0.965925, -4.32134e-07, -0.965925, 0.258819, 1.49012e-07, 154.461, 18.5967, 81.3922 )

[node name="Forward40" parent="Track" index="131" instance=ExtResource( 1 )]

transform = Transform( 1.04308e-07, 4.32134e-07, 0.999999, 4.91738e-07, 0.999999, -4.32134e-07, -0.999999, 6.10948e-07, 1.49012e-07, 154.461, 20.6412, 65.8631 )

[node name="Forward41" parent="Track" index="132" instance=ExtResource( 1 )]

transform = Transform( 1.04308e-07, 4.32134e-07, 0.999999, 4.91738e-07, 0.999999, -4.32134e-07, -0.999999, 6.10948e-07, 1.49012e-07, 154.461, 20.6412, 49.8632 )

[node name="Forward42" parent="Track" index="133" instance=ExtResource( 1 )]

transform = Transform( 1.04308e-07, 4.32134e-07, 0.999999, 4.91738e-07, 0.999999, -4.32134e-07, -0.999999, 6.10948e-07, 1.49012e-07, 154.461, 20.6412, 33.8632 )

[node name="Forward43" parent="Track" index="134" instance=ExtResource( 1 )]

transform = Transform( 1.04308e-07, 4.32134e-07, 0.999999, 4.91738e-07, 0.999999, -4.32134e-07, -0.999999, 6.10948e-07, 1.49012e-07, 154.461, 20.6412, 17.8632 )

[node name="Forward44" parent="Track" index="135" instance=ExtResource( 1 )]

transform = Transform( 1.04308e-07, 4.32134e-07, 0.999999, 4.91738e-07, 0.999999, -4.32134e-07, -0.999999, 6.10948e-07, 1.49012e-07, 154.461, 20.6412, 1.86321 )

[node name="Forward45" parent="Track" index="136" instance=ExtResource( 1 )]

transform = Transform( 1.04308e-07, 4.32134e-07, 0.999999, 4.91738e-07, 0.999999, -4.32134e-07, -0.999999, 6.10948e-07, 1.49012e-07, 154.461, 20.6412, -14.1368 )

[node name="Forward46" parent="Track" index="137" instance=ExtResource( 1 )]

transform = Transform( 1.04308e-07, 4.32134e-07, 0.999999, 4.91738e-07, 0.999999, -4.32134e-07, -0.999999, 6.10948e-07, 1.49012e-07, 154.461, 20.6412, -30.1367 )

[node name="Forward47" parent="Track" index="138" instance=ExtResource( 1 )]

transform = Transform( 1.04308e-07, 4.32134e-07, 0.999999, 4.91738e-07, 0.999999, -4.32134e-07, -0.999999, 6.10948e-07, 1.49012e-07, 154.461, 20.6412, -46.1367 )

[node name="Forward48" parent="Track" index="139" instance=ExtResource( 1 )]

transform = Transform( 1.04308e-07, 4.32134e-07, 0.999999, 4.91738e-07, 0.999999, -4.32134e-07, -0.999999, 6.10948e-07, 1.49012e-07, 154.461, 20.6412, -62.1367 )

[node name="Right4" parent="Track" index="140" instance=ExtResource( 5 )]

transform = Transform( 1.04308e-07, 4.32134e-07, 0.999999, 4.91738e-07, 0.999999, -4.32134e-07, -0.999999, 6.10948e-07, 1.49012e-07, 154.461, 20.6412, -78.1367 )

[node name="Forward49" parent="Track" index="141" instance=ExtResource( 1 )]

transform = Transform( 0.258819, 4.32134e-07, 0.965925, 3.63138e-07, 0.999999, -5.4468e-07, -0.965925, 6.10948e-07, 0.258819, 156.506, 20.6412, -93.6658 )

[node name="Right5" parent="Track" index="142" instance=ExtResource( 5 )]

transform = Transform( 0.258819, 4.32134e-07, 0.965925, 3.63138e-07, 0.999999, -5.4468e-07, -0.965925, 6.10948e-07, 0.258819, 160.647, 20.6412, -109.121 )

[node name="Right6" parent="Track" index="143" instance=ExtResource( 5 )]

transform = Transform( 0.5, 4.32134e-07, 0.866025, 2.09791e-07, 0.999999, -6.20108e-07, -0.866024, 6.10948e-07, 0.499999, 166.641, 20.6413, -123.591 )

[node name="Forward50" parent="Track" index="144" instance=ExtResource( 1 )]

transform = Transform( 0.707106, 4.32134e-07, 0.707106, 4.21469e-08, 0.999999, -6.53276e-07, -0.707106, 6.10948e-07, 0.707106, 176.176, 20.6413, -136.018 )

[node name="Forward51" parent="Track" index="145" instance=ExtResource( 1 )]

transform = Transform( 0.707106, 4.32134e-07, 0.707106, 4.21469e-08, 0.999999, -6.53276e-07, -0.707106, 6.10948e-07, 0.707106, 187.489, 20.6413, -147.331 )

[node name="Forward52" parent="Track" index="146" instance=ExtResource( 1 )]

transform = Transform( 0.707106, 4.32134e-07, 0.707106, 4.21469e-08, 0.999999, -6.53276e-07, -0.707106, 6.10948e-07, 0.707106, 198.803, 20.6413, -158.645 )

[node name="Right7" parent="Track" index="147" instance=ExtResource( 5 )]

transform = Transform( 0.707106, 4.32134e-07, 0.707106, 4.21469e-08, 0.999999, -6.53276e-07, -0.707106, 6.10948e-07, 0.707106, 210.117, 20.6413, -169.959 )

[node name="Right8" parent="Track" index="148" instance=ExtResource( 5 )]

transform = Transform( 0.866025, 4.32134e-07, 0.5, -1.28369e-07, 0.999999, -6.41925e-07, -0.499999, 6.10948e-07, 0.866024, 222.543, 20.6413, -179.494 )

[node name="Right9" parent="Track" index="149" instance=ExtResource( 5 )]

transform = Transform( 0.965925, 4.32134e-07, 0.258819, -2.90138e-07, 0.999999, -5.86827e-07, -0.258819, 6.10948e-07, 0.965925, 237.014, 20.6412, -185.488 )

[node name="Forward53" parent="Track" index="150" instance=ExtResource( 1 )]

transform = Transform( 0.999999, 4.32134e-07, 1.04308e-07, -4.32134e-07, 0.999999, -4.91738e-07, 0, 6.10948e-07, 0.999999, 252.543, 20.6412, -187.532 )

[node name="Forward54" parent="Track" index="151" instance=ExtResource( 1 )]

transform = Transform( 0.999999, 4.32134e-07, 1.04308e-07, -4.32134e-07, 0.999999, -4.91738e-07, 0, 6.10948e-07, 0.999999, 268.543, 20.6412, -187.532 )

[node name="Forward55" parent="Track" index="152" instance=ExtResource( 1 )]

transform = Transform( 0.999999, 4.32134e-07, 1.04308e-07, -4.32134e-07, 0.999999, -4.91738e-07, 0, 6.10948e-07, 0.999999, 284.543, 20.6412, -187.532 )

[node name="Forward56" parent="Track" index="153" instance=ExtResource( 1 )]

transform = Transform( 0.999999, 4.32134e-07, 1.04308e-07, -4.32134e-07, 0.999999, -4.91738e-07, 0, 6.10948e-07, 0.999999, 300.543, 20.6412, -187.532 )

[node name="Right10" parent="Track" index="154" instance=ExtResource( 5 )]

transform = Transform( 0.999999, 4.32134e-07, 1.04308e-07, -4.32134e-07, 0.999999, -4.91738e-07, 0, 6.10948e-07, 0.999999, 316.543, 20.6412, -187.532 )

[node name="Right11" parent="Track" index="155" instance=ExtResource( 5 )]

transform = Transform( 0.965925, 4.32134e-07, -0.258819, -5.4468e-07, 0.999999, -3.63138e-07, 0.258819, 6.10948e-07, 0.965925, 332.072, 20.6412, -185.488 )

[node name="Forward57" parent="Track" index="156" instance=ExtResource( 1 )]

transform = Transform( 0.866025, 4.32134e-07, -0.499999, -6.20108e-07, 0.999999, -2.09791e-07, 0.499999, 6.10948e-07, 0.866024, 346.543, 20.6412, -179.494 )

[node name="Right12" parent="Track" index="157" instance=ExtResource( 5 )]

transform = Transform( 0.866025, 4.32134e-07, -0.499999, -6.20108e-07, 0.999999, -2.09791e-07, 0.499999, 6.10948e-07, 0.866024, 360.399, 20.6412, -171.494 )

[node name="Forward58" parent="Track" index="158" instance=ExtResource( 1 )]

transform = Transform( 0.707106, 4.32134e-07, -0.707106, -6.53276e-07, 0.999999, -4.21471e-08, 0.707106, 6.10948e-07, 0.707106, 372.826, 20.6412, -161.959 )

[node name="Right13" parent="Track" index="159" instance=ExtResource( 5 )]

transform = Transform( 0.707106, 4.32134e-07, -0.707106, -6.53276e-07, 0.999999, -4.21471e-08, 0.707106, 6.10948e-07, 0.707106, 384.139, 20.6412, -150.645 )

[node name="Forward59" parent="Track" index="160" instance=ExtResource( 1 )]

transform = Transform( 0.5, 4.32134e-07, -0.866024, -6.41925e-07, 0.999999, 1.28369e-07, 0.866024, 6.10948e-07, 0.499999, 393.674, 20.6412, -138.219 )

[node name="Right14" parent="Track" index="161" instance=ExtResource( 5 )]

transform = Transform( 0.5, 4.32134e-07, -0.866024, -6.41925e-07, 0.999999, 1.28369e-07, 0.866024, 6.10948e-07, 0.499999, 401.674, 20.6411, -124.362 )

[node name="Forward60" parent="Track" index="162" instance=ExtResource( 1 )]

transform = Transform( 0.258819, 4.32134e-07, -0.965925, -5.86827e-07, 0.999999, 2.90138e-07, 0.965924, 6.10948e-07, 0.258819, 407.668, 20.6411, -109.892 )

[node name="Right15" parent="Track" index="163" instance=ExtResource( 5 )]

transform = Transform( 0.258819, 4.32134e-07, -0.965925, -5.86827e-07, 0.999999, 2.90138e-07, 0.965924, 6.10948e-07, 0.258819, 411.81, 20.6411, -94.4368 )

[node name="Forward61" parent="Track" index="164" instance=ExtResource( 1 )]

transform = Transform( 2.98023e-07, 4.32134e-07, -0.999999, -4.91738e-07, 0.999999, 4.32133e-07, 0.999999, 6.10948e-07, 1.49012e-07, 413.854, 20.6411, -78.9077 )

[node name="Forward62" parent="Track" index="165" instance=ExtResource( 1 )]

transform = Transform( 2.98023e-07, 4.32134e-07, -0.999999, -4.91738e-07, 0.999999, 4.32133e-07, 0.999999, 6.10948e-07, 1.49012e-07, 413.854, 20.6411, -62.9077 )

[node name="Right16" parent="Track" index="166" instance=ExtResource( 5 )]

transform = Transform( 2.98023e-07, 4.32134e-07, -0.999999, -4.91738e-07, 0.999999, 4.32133e-07, 0.999999, 6.10948e-07, 1.49012e-07, 413.854, 20.6411, -46.9077 )

[node name="Forward63" parent="Track" index="167" instance=ExtResource( 1 )]

transform = Transform( -0.258818, 4.32134e-07, -0.965925, -3.63139e-07, 0.999999, 5.4468e-07, 0.965925, 6.10948e-07, -0.258819, 411.81, 20.6411, -31.3786 )

[node name="Right17" parent="Track" index="168" instance=ExtResource( 5 )]

transform = Transform( -0.258818, 4.32134e-07, -0.965925, -3.63139e-07, 0.999999, 5.4468e-07, 0.965925, 6.10948e-07, -0.258819, 407.668, 20.6411, -15.9239 )

[node name="Right18" parent="Track" index="169" instance=ExtResource( 5 )]

transform = Transform( -0.499999, 4.32134e-07, -0.866025, -2.09791e-07, 0.999999, 6.20108e-07, 0.866024, 6.10948e-07, -0.499999, 401.674, 20.6411, -1.45305 )

[node name="Forward64" parent="Track" index="170" instance=ExtResource( 1 )]

transform = Transform( -0.707106, 4.32134e-07, -0.707106, -4.21472e-08, 0.999999, 6.53276e-07, 0.707106, 6.10948e-07, -0.707106, 392.139, 20.6411, 10.9733 )

[node name="Forward65" parent="Track" index="171" instance=ExtResource( 1 )]

transform = Transform( -0.707106, 4.32134e-07, -0.707106, -4.21472e-08, 0.999999, 6.53276e-07, 0.707106, 6.10948e-07, -0.707106, 380.826, 20.6411, 22.287 )

[node name="Forward66" parent="Track" index="172" instance=ExtResource( 1 )]

transform = Transform( -0.707106, 4.32134e-07, -0.707106, -4.21472e-08, 0.999999, 6.53276e-07, 0.707106, 6.10948e-07, -0.707106, 369.512, 20.6411, 33.6007 )

