[gd_scene load_steps=2 format=2]

[ext_resource path="res://hovercar/bubblecraft/bubblecraft.mesh" type="ArrayMesh" id=1]

[node name="BubbleCraft" type="Spatial"]

[node name="Body" type="MeshInstance" parent="." index="0"]

layers = 1
material_override = null
cast_shadow = 1
extra_cull_margin = 0.0
use_in_baked_light = false
lod_min_distance = 0.0
lod_min_hysteresis = 0.0
lod_max_distance = 0.0
lod_max_hysteresis = 0.0
mesh = ExtResource( 1 )
skeleton = NodePath("..")
material/0 = null
material/1 = null
material/2 = null
material/3 = null

[node name="FrontLeftLight" type="SpotLight" parent="." index="1"]

transform = Transform( -1.8192e-08, -0.90928, 0.416185, -3.97459e-08, 0.416185, 0.90928, -1, 0, -4.37114e-08, -2.67457, -1.79331, -4.10659 )
layers = 1
light_color = Color( 0.151749, 0.713192, 0.863281, 1 )
light_energy = 1.0
light_indirect_energy = 1.0
light_negative = false
light_specular = 0.5
light_bake_mode = 1
light_cull_mask = -1
shadow_enabled = false
shadow_color = Color( 0, 0, 0, 1 )
shadow_bias = 0.15
shadow_contact = 0.0
shadow_reverse_cull_face = false
editor_only = false
spot_range = 17.3
spot_attenuation = 1.0
spot_angle = 55.547
spot_angle_attenuation = 1.0

[node name="FrontRightLight" type="SpotLight" parent="." index="2"]

transform = Transform( 1.05615e-07, 0.90928, -0.416185, -3.97459e-08, 0.416185, 0.90928, 1, -7.94918e-08, 8.00954e-08, 2.9155, -1.79331, -4.10659 )
layers = 1
light_color = Color( 0.151749, 0.713192, 0.863281, 1 )
light_energy = 1.0
light_indirect_energy = 1.0
light_negative = false
light_specular = 0.5
light_bake_mode = 1
light_cull_mask = -1
shadow_enabled = false
shadow_color = Color( 0, 0, 0, 1 )
shadow_bias = 0.15
shadow_contact = 0.0
shadow_reverse_cull_face = false
editor_only = false
spot_range = 17.3
spot_attenuation = 1.0
spot_angle = 55.547
spot_angle_attenuation = 1.0
_sections_unfolded = [ "Shadow" ]

[node name="BackLeftLight" type="SpotLight" parent="." index="3"]

transform = Transform( -1.8192e-08, -0.90928, 0.416185, -3.97459e-08, 0.416185, 0.90928, -1, 0, -4.37114e-08, -2.67457, -1.79331, 4.54172 )
layers = 1
light_color = Color( 0.151749, 0.713192, 0.863281, 1 )
light_energy = 1.0
light_indirect_energy = 1.0
light_negative = false
light_specular = 0.5
light_bake_mode = 1
light_cull_mask = -1
shadow_enabled = false
shadow_color = Color( 0, 0, 0, 1 )
shadow_bias = 0.15
shadow_contact = 0.0
shadow_reverse_cull_face = false
editor_only = false
spot_range = 17.3
spot_attenuation = 1.0
spot_angle = 55.547
spot_angle_attenuation = 1.0
_sections_unfolded = [ "Shadow" ]

[node name="BackRightLight" type="SpotLight" parent="." index="4"]

transform = Transform( 1.05615e-07, 0.90928, -0.416185, -3.97459e-08, 0.416185, 0.90928, 1, -7.94918e-08, 8.00954e-08, 2.9155, -1.79331, 4.62429 )
layers = 1
light_color = Color( 0.151749, 0.713192, 0.863281, 1 )
light_energy = 1.0
light_indirect_energy = 1.0
light_negative = false
light_specular = 0.5
light_bake_mode = 1
light_cull_mask = -1
shadow_enabled = false
shadow_color = Color( 0, 0, 0, 1 )
shadow_bias = 0.15
shadow_contact = 0.0
shadow_reverse_cull_face = false
editor_only = false
spot_range = 17.3
spot_attenuation = 1.0
spot_angle = 55.547
spot_angle_attenuation = 1.0
_sections_unfolded = [ "Shadow" ]

[node name="SpotLight" type="SpotLight" parent="." index="5"]

transform = Transform( 1, 0, 0, 0, 1, 0, 0, 0, 1, -2.8176, -0.113512, -6.0578 )
layers = 1
light_color = Color( 0.996246, 1, 0.519531, 1 )
light_energy = 1.0
light_indirect_energy = 1.0
light_negative = false
light_specular = 0.5
light_bake_mode = 1
light_cull_mask = -1
shadow_enabled = false
shadow_color = Color( 0, 0, 0, 1 )
shadow_bias = 0.15
shadow_contact = 0.0
shadow_reverse_cull_face = false
editor_only = false
spot_range = 217.5
spot_attenuation = 6.27667
spot_angle = 17.9569
spot_angle_attenuation = 1.10957
_sections_unfolded = [ "Spot" ]

[node name="SpotLight2" type="SpotLight" parent="." index="6"]

transform = Transform( 1, 0, 0, 0, 1, 0, 0, 0, 1, 2.8176, -0.113512, -6.0578 )
layers = 1
light_color = Color( 0.996246, 1, 0.519531, 1 )
light_energy = 1.0
light_indirect_energy = 1.0
light_negative = false
light_specular = 0.5
light_bake_mode = 1
light_cull_mask = -1
shadow_enabled = false
shadow_color = Color( 0, 0, 0, 1 )
shadow_bias = 0.15
shadow_contact = 0.0
shadow_reverse_cull_face = false
editor_only = false
spot_range = 217.5
spot_attenuation = 6.27667
spot_angle = 17.9569
spot_angle_attenuation = 1.10957
_sections_unfolded = [ "Light", "Shadow", "Spot", "Transform" ]


